% This m file contains parameters for DESC model with 1-RC circuit.
% To estimate parameters UDDS data used in the data folder.

% Copyright (c) 2021 by Erhan YILMAZ (https://orcid.org/0000-0003-4788-9022)
% This work is licensed under CC BY-SA (Attribution-ShareAlike).
% It is provided "as is", without express or implied warranty, for 
% educational and informational purposes only.


%% DESC Model UDDS OCV and OCVrel Values 

OCV0 = [2.87330000000000,2.97390000000000,3.02730000000000,3.07211190476191,3.11221095238095,3.13925000000000,3.16411095238095,3.18520285714286,3.20393714285714,3.22150476190476,3.23921476190476,3.16550952380952,3.19831809523810,3.21685666666667,3.18136809523810,3.19385238095238,3.19364095238095,3.19869047619048,3.21232523809524,3.20610333333333,3.20839761904762,3.19478000000000,3.21222619047619,3.23085857142857,3.23440142857143,3.22434285714286,3.22882190476191,3.26420904761905,3.21001047619048,3.22845666666667,3.22814857142857,3.21842666666667,3.22039142857143,3.22764142857143,3.24078809523810,3.22095523809524,3.22720523809524,3.22444523809524,3.24785428571429,3.24101000000000,3.23869809523810,3.23828904761905,3.24480904761905,3.25043428571429,3.24555904761905,3.25469476190476,3.25571952380952,3.26782190476191,3.25244428571429,3.26076285714286,3.25984476190476,3.26954047619048,3.25929190476191,3.25982761904762,3.26049619047619,3.27900904761905,3.27122285714286,3.27357523809524,3.27076952380952,3.27574190476190,3.27916952380952,3.27445904761905,3.27374190476191,3.27549095238095,3.28017619047619,3.27491285714286,3.28400047619048,3.27851047619048,3.28660333333333,3.27957095238095,3.28119809523809,3.28336952380952,3.28908904761905,3.28391285714286,3.28370095238095,3.28187619047619,3.29113238095238,3.29122142857143,3.28957333333333,3.28899619047619,3.28996666666667,3.29493666666667,3.29284047619048,3.29312095238095,3.28849333333333,3.29318904761905,3.28700904761905,3.29632428571429,3.29365619047619,3.29959047619048,3.29727571428571,3.29714047619048,3.29796047619048,3.29988761904762,3.29840285714286,3.29440095238095,3.29180000000000,3.29540333333333,3.30613619047619,3.30330666666667,3.30419190476191,3.29914904761905,3.30455476190476,3.30398523809524,3.30311380952381,3.29542666666667,3.30154809523810,3.29670142857143,3.30510142857143,3.30628142857143,3.30824142857143,3.30833095238095,3.30425142857143,3.30633761904762,3.30606714285714,3.30991095238095,3.30620571428571,3.30346952380952,3.30036476190476,3.31436428571429,3.31146476190476,3.31593285714286,3.30040619047619,3.31185761904762,3.30414666666667,3.31443333333333,3.30319523809524,3.31365619047619,3.30586000000000,3.31326380952381,3.30735523809524,3.31405142857143,3.31326047619048,3.31594761904762,3.31582380952381,3.31772666666667,3.31946904761905,3.31607761904762,3.32066619047619,3.31832904761905,3.32425333333333,3.31754380952381,3.32810714285714,3.31987142857143,3.32816619047619,3.32015000000000,3.33039761904762,3.32298857142857,3.33055714285714,3.32494380952381,3.33174238095238,3.32889809523810,3.33273571428571,3.33123809523810,3.33106523809524,3.33425904761905,3.33397714285714,3.33774428571429,3.33295380952381,3.34073952380952,3.33336190476191,3.34104904761905,3.33332809523810,3.34372476190476,3.33267809523809,3.34138761904762,3.33890666666667,3.34578142857143,3.33936619047619,3.34240619047619,3.34263095238095,3.34326761904762,3.34378333333333,3.33974714285714,3.34960285714286,3.34529523809524,3.35212380952381,3.33998095238095,3.35214095238095,3.34614095238095,3.35656095238095,3.34539619047619,3.36236714285714,3.36014809523810,3.36144380952381,3.36187095238095,3.36240047619048,3.36304190476191,3.36348047619048,3.36399714285714,3.36448285714286,3.36495476190476,3.36544000000000,3.36573523809524,3.36616285714286,3.36592952380952,3.36676428571429,3.36111857142857,3.38028142857143,3.33446142857143,3.67780285714286];
OCVRel=[3.28069823170667e-19,1.34913183219078e-17,7.19857885040212e-18,-0.000481428571428580,-0.00133971428571428,-0.00161000000000002,-0.00193971428571430,-0.00166514285714289,-0.00158685714285715,-0.00166857142857142,-0.00182657142857143,-1.71428571428737e-05,-0.000212571428571443,-0.000181999999999999,0.000477428571428569,0.000165714285714264,0.000186285714285733,9.71428571428720e-05,-8.54285714285751e-05,-5.99999999996913e-06,-7.57142857143069e-05,0.000176000000000025,-0.000127142857142842,-0.000505428571428574,-0.000282571428571462,-0.000157142857142881,-0.000219428571428591,-0.000656285714285698,6.11428571428764e-05,-0.000142000000000015,-0.000147428571428544,5.20000000000138e-05,-4.45714285714262e-05,-3.45714285714177e-05,-5.85714285714356e-05,0.000520571428571415,0.000310571428571429,0.000438571428571433,-5.77142857143183e-05,0.000182000000000037,0.000243428571428593,0.000219714285714288,6.37142857142688e-05,-1.71428571428655e-06,0.000153714285714288,0.000189428571428581,0.000204857142857141,-5.94285714285823e-05,0.000260285714285737,0.000106857142857152,0.000179428571428571,-7.28571428571647e-05,0.000174571428571416,7.02857142857153e-05,0.000166857142857144,-7.62857142857085e-05,0.000238857142857155,0.000144571428571459,0.000214857142857137,0.000104571428571425,9.48571428571530e-05,0.000213714285714277,0.000184571428571405,0.000196285714285689,0.000142857142857154,0.000296857142857157,0.000259142857142869,0.000341142857142876,0.000173999999999982,0.000312285714285715,0.000283428571428595,0.000274857142857166,0.000119714285714279,0.000216857142857114,0.000218285714285690,0.000282857142857163,0.000221714285714280,0.000321428571428556,0.000267999999999985,0.000266857142857128,0.000260000000000016,0.000174000000000032,0.000207142857142843,0.000122285714285738,0.000212000000000004,0.000159714285714284,0.000223714285714306,0.000196285714285729,0.000318857142857152,0.000177142857142864,0.000203714285714295,0.000207142857142883,0.000191142857142873,0.000122285714285714,9.48571428571645e-05,0.000158285714285754,0.000179999999999969,0.000134000000000007,0.000154857142857124,0.000188000000000011,0.000134571428571414,0.000231714285714296,0.000121428571428564,0.000126571428571424,7.51428571428628e-05,0.000211999999999993,0.000113428571428573,0.000117428571428570,7.74285714285804e-05,0.000213428571428586,0.000145428571428577,0.000104285714285742,0.000167428571428586,0.000112285714285736,0.000139142857142844,2.02857142856830e-05,8.97142857143165e-05,7.48571428571617e-05,0.000123428571428566,8.42857142857417e-05,0.000163428571428597,8.57142857132929e-07,0.000388857142857112,0.000136285714285698,0.000436000000000012,8.00000000000102e-05,0.000388571428571394,0.000138857142857117,0.000332000000000002,0.000325142857142875,0.000480571428571411,0.000327428571428539,0.000371142857142840,0.000274285714285722,0.000317142857142870,0.000271999999999982,0.000215714285714314,0.000340285714285695,0.000200857142857140,0.000447714285714300,0.000424000000000044,0.000501142857142851,0.000207142857142876,0.000411428571428572,0.000220857142857156,0.000470000000000016,8.42857142857369e-05,0.000260571428571419,0.000177142857142869,0.000261142857142866,0.000263714285714285,0.000403428571428585,0.000275714285714269,0.000311428571428552,0.000282571428571437,0.000193714285714291,0.000201142857142878,4.02857142857207e-05,0.000163142857142829,-7.11428571428548e-05,6.85714285714191e-05,0.000171714285714285,0.000429428571428563,7.54285714285783e-05,0.000339428571428585,0.000122285714285751,0.000248000000000016,-2.65714285714159e-05,6.08571428571378e-05,6.88571428571347e-05,-9.57142857142537e-05,-4.17142857142528e-05,0.000209999999999983,0.000295142857142856,5.48571428571780e-05,0.000128571428571416,-8.28571428571514e-05,0.000294285714285723,-0.000113714285714299,6.28571428571398e-06,-0.000369714285714302,-0.000153142857142867,-0.000240857142857145,-0.000166571428571451,-0.000198857142857130,-0.000207714285714279,-0.000220857142857153,-0.000235428571428595,-0.000244857142857142,-0.000254857142857141,-0.000269142857142889,-0.000278571428571404,-0.000292000000000005,-0.000303428571428560,